<?xml version="1.0" encoding="utf-8" standalone="no"?>
<customField name="CP-3">
    <vertices>
-346.33 85.28 573.17|
-349.33 85.45 573.17|
-352.33 85.62 573.17|
-355.33 85.78 573.17|
-358.33 85.93 573.17|
-361.33 86.05 573.17|
-364.33 86.14 573.17|
-367.33 86.20 573.17|
-370.33 86.24 573.17|
-373.33 86.26 573.17|
-376.33 86.28 573.17|
-379.33 86.29 573.17|
-382.33 86.30 573.17|
-385.33 86.35 573.17|
-388.33 86.39 573.17|
-391.33 86.43 573.17|
-394.33 86.47 573.17|
-397.33 86.53 573.17|
-400.33 86.61 573.17|
-403.33 86.71 573.17|
-406.33 86.80 573.17|
-409.33 86.90 573.17|
-412.33 86.99 573.17|
-415.33 87.07 573.17|
-418.33 87.15 573.17|
-421.33 87.23 573.17|
-424.33 87.31 573.17|
-427.33 87.39 573.17|
-430.33 87.47 573.17|
-433.33 87.55 573.17|
-436.33 87.64 573.17|
-439.33 87.74 573.17|
-442.33 87.87 573.17|
-445.33 88.00 573.17|
-448.33 88.10 573.17|
-451.33 88.16 573.17|
-454.33 88.20 573.17|
-457.33 88.23 573.17|
-460.33 88.26 573.17|
-463.33 88.28 573.17|
-466.33 88.31 573.17|
-469.33 88.34 573.17|
-472.33 88.38 573.17|
-475.33 88.42 573.17|
-478.33 88.45 573.17|
-481.33 88.49 573.17|
-484.33 88.51 573.17|
-487.33 88.54 573.17|
-490.33 88.57 573.17|
-493.33 88.60 573.17|
-496.33 88.63 573.17|
-499.33 88.67 573.17|
-502.33 88.70 573.17|
-505.33 88.75 573.17|
-508.33 88.79 573.17|
-511.33 88.84 573.17|
-514.33 88.88 573.17|
-517.33 88.93 573.17|
-520.33 88.97 573.17|
-523.33 89.02 573.17|
-526.33 89.06 573.17|
-529.33 89.10 573.17|
-532.33 89.14 573.17|
-535.33 89.18 573.17|
-538.33 89.21 573.17|
-542.17 89.24 573.17|
-542.17 89.15 576.17|
-542.17 89.08 579.17|
-542.17 88.99 582.17|
-542.17 88.91 585.17|
-542.17 88.84 588.17|
-542.17 88.78 591.17|
-542.17 88.72 594.17|
-542.17 88.67 597.17|
-542.17 88.60 600.17|
-542.17 88.46 603.17|
-542.17 88.33 606.17|
-542.17 88.15 609.17|
-542.17 87.84 612.17|
-542.17 87.50 615.17|
-542.17 87.21 618.17|
-542.17 86.95 621.17|
-542.17 86.69 624.17|
-542.17 86.39 627.17|
-542.17 86.10 630.17|
-542.17 85.81 633.17|
-542.17 85.47 636.17|
-542.17 85.06 639.17|
-542.17 84.62 642.17|
-542.17 84.19 645.17|
-542.17 83.79 648.17|
-542.17 83.41 651.17|
-542.17 83.03 654.17|
-542.17 82.63 657.17|
-542.17 82.25 660.17|
-542.17 82.07 663.17|
-542.17 81.89 666.17|
-542.17 81.73 669.17|
-542.17 81.58 672.17|
-542.17 81.43 675.17|
-542.17 81.30 678.17|
-542.17 81.18 681.17|
-542.17 81.10 684.17|
-542.17 81.03 687.17|
-542.17 80.96 690.17|
-542.17 80.91 693.17|
-542.17 80.87 696.17|
-542.17 80.83 699.17|
-542.17 80.81 702.17|
-542.17 80.79 705.17|
-542.17 80.78 708.17|
-542.17 80.78 711.17|
-542.17 80.78 714.17|
-542.17 80.79 717.17|
-542.17 80.80 720.17|
-542.17 80.81 723.17|
-542.17 80.79 726.17|
-542.17 80.69 729.17|
-542.17 80.58 732.26|
-539.17 80.46 732.26|
-536.17 80.37 732.26|
-533.17 80.29 732.26|
-530.17 80.24 732.26|
-527.17 80.19 732.26|
-524.17 80.16 732.26|
-521.17 80.12 732.26|
-518.17 80.09 732.26|
-515.17 80.04 732.26|
-512.17 79.98 732.26|
-509.17 79.92 732.26|
-506.17 79.87 732.26|
-503.17 79.83 732.26|
-500.17 79.79 732.26|
-497.17 79.75 732.26|
-494.17 79.72 732.26|
-488.24 79.68 732.26|
-488.24 79.79 729.26|
-488.24 79.89 726.26|
-488.24 79.99 723.26|
-488.24 80.08 720.26|
-488.24 80.18 717.26|
-488.24 80.28 714.26|
-488.24 80.38 711.26|
-488.24 80.48 708.26|
-488.24 80.59 705.26|
-488.24 80.71 702.26|
-488.24 80.83 699.26|
-488.24 80.95 696.26|
-488.24 81.07 693.24|
-485.24 81.10 693.24|
-482.24 81.13 693.24|
-479.24 81.16 693.24|
-476.24 81.19 693.24|
-473.24 81.23 693.24|
-470.24 81.26 693.24|
-467.24 81.30 693.24|
-464.24 81.33 693.24|
-461.24 81.37 693.24|
-458.24 81.40 693.24|
-455.24 81.44 693.24|
-452.24 81.47 693.24|
-449.24 81.51 693.24|
-446.24 81.56 693.24|
-443.24 81.60 693.24|
-440.24 81.66 693.24|
-437.24 81.71 693.24|
-434.24 81.77 693.24|
-431.24 81.83 693.24|
-426.00 81.95 693.24|
-426.00 81.79 696.24|
-426.00 81.63 699.24|
-426.00 81.47 702.24|
-426.00 81.32 705.24|
-426.00 81.16 708.24|
-426.00 81.02 711.24|
-426.00 80.91 714.24|
-426.00 80.81 717.24|
-426.00 80.70 720.24|
-426.00 80.60 723.24|
-426.00 80.49 726.24|
-426.00 80.39 729.24|
-426.00 80.28 732.24|
-426.00 80.18 735.24|
-426.00 80.08 738.24|
-426.00 79.99 741.24|
-426.00 79.90 744.24|
-426.00 79.80 747.24|
-426.00 79.71 750.24|
-426.00 79.61 753.24|
-426.00 79.53 756.24|
-426.00 79.44 759.24|
-426.00 79.35 762.24|
-426.00 79.27 765.24|
-426.00 79.18 768.24|
-426.00 79.10 771.24|
-426.00 79.03 774.24|
-426.00 78.96 777.24|
-426.00 78.89 780.24|
-426.00 78.83 783.24|
-426.00 78.77 786.24|
-426.00 78.72 789.24|
-426.00 78.68 792.24|
-426.00 78.64 795.24|
-426.00 78.61 798.24|
-426.00 78.58 801.24|
-426.00 78.55 804.24|
-426.00 78.51 807.24|
-426.00 78.47 810.24|
-426.00 78.43 813.24|
-426.00 78.39 816.24|
-426.00 78.35 819.24|
-426.00 78.31 822.24|
-426.00 78.26 825.24|
-426.00 78.19 830.20|
-429.00 78.14 830.20|
-432.00 78.10 830.20|
-435.00 78.05 830.20|
-438.00 78.01 830.20|
-441.00 77.97 830.20|
-444.00 77.93 830.20|
-447.00 77.89 830.20|
-450.00 77.85 830.20|
-453.00 77.81 830.20|
-456.00 77.78 830.20|
-459.00 77.75 830.20|
-462.00 77.72 830.20|
-465.00 77.69 830.20|
-468.00 77.67 830.20|
-471.00 77.65 830.20|
-474.00 77.64 830.20|
-477.00 77.62 830.20|
-480.00 77.61 830.20|
-483.26 77.61 830.20|
-483.26 77.64 827.20|
-483.26 77.67 824.20|
-483.26 77.70 821.20|
-483.26 77.73 818.20|
-483.26 77.76 815.20|
-483.26 77.79 812.20|
-483.26 77.82 809.20|
-483.26 77.85 806.20|
-483.26 77.88 803.20|
-483.26 77.91 800.20|
-483.26 77.94 797.20|
-483.26 77.97 794.20|
-483.26 78.01 790.29|
-486.26 78.00 790.29|
-489.26 77.98 790.29|
-492.26 77.96 790.29|
-495.26 77.95 790.29|
-498.26 77.93 790.29|
-501.26 77.92 790.29|
-504.26 77.91 790.29|
-507.26 77.90 790.29|
-510.26 77.89 790.29|
-513.26 77.88 790.29|
-516.26 77.86 790.29|
-519.26 77.85 790.29|
-522.26 77.84 790.29|
-525.26 77.84 790.29|
-528.26 77.83 790.29|
-531.26 77.82 790.29|
-534.26 77.82 790.29|
-537.26 77.82 790.29|
-542.00 77.81 790.29|
-542.00 77.79 793.29|
-542.00 77.77 796.29|
-542.00 77.76 799.29|
-542.00 77.76 802.29|
-542.00 77.76 805.29|
-542.00 77.78 808.29|
-542.00 77.81 811.29|
-542.00 77.83 814.29|
-542.00 77.82 817.29|
-542.00 77.79 820.29|
-542.00 77.71 823.29|
-542.00 77.61 826.29|
-542.00 77.51 829.29|
-542.00 77.41 832.29|
-542.00 77.32 835.29|
-542.00 77.22 838.29|
-542.00 77.11 841.29|
-542.00 77.01 844.29|
-542.00 76.90 847.29|
-542.00 76.80 850.29|
-542.00 76.69 853.29|
-542.00 76.59 856.29|
-542.00 76.49 859.29|
-542.00 76.41 862.29|
-542.00 76.34 865.29|
-542.00 76.27 868.29|
-542.00 76.21 871.29|
-542.00 76.15 874.29|
-542.00 76.09 877.29|
-542.00 76.03 880.29|
-542.00 75.97 883.29|
-542.00 75.91 886.29|
-542.00 75.85 889.29|
-542.00 75.80 892.29|
-542.00 75.74 895.29|
-542.00 75.68 898.29|
-542.00 75.62 901.29|
-542.00 75.56 904.29|
-542.00 75.51 907.29|
-542.00 75.45 910.29|
-542.00 75.41 913.29|
-542.00 75.36 916.29|
-542.00 75.31 919.29|
-542.00 75.27 922.29|
-542.00 75.22 925.29|
-542.00 75.17 928.29|
-542.00 75.13 931.29|
-542.00 75.08 934.29|
-542.00 75.05 937.29|
-542.00 75.02 940.29|
-542.00 75.01 943.29|
-542.00 75.00 946.29|
-542.00 75.00 949.29|
-542.00 75.00 952.29|
-542.00 75.00 955.29|
-542.00 75.00 958.29|
-542.00 75.00 961.29|
-542.00 75.00 964.29|
-542.00 75.00 967.29|
-542.00 75.00 970.29|
-542.00 75.00 973.29|
-542.00 75.00 978.70|
-539.00 75.00 978.70|
-536.00 75.00 978.70|
-533.00 75.00 978.70|
-530.00 75.00 978.70|
-527.00 75.00 978.70|
-524.00 75.00 978.70|
-521.00 75.00 978.70|
-518.00 75.00 978.70|
-515.00 75.00 978.70|
-512.00 75.00 978.70|
-509.00 75.00 978.70|
-506.00 75.00 978.70|
-503.00 75.00 978.70|
-500.00 75.00 978.70|
-497.00 75.00 978.70|
-494.00 75.00 978.70|
-491.00 75.00 978.70|
-488.00 75.00 978.70|
-485.00 75.00 978.70|
-482.00 75.00 978.70|
-479.00 75.00 978.70|
-476.00 75.00 978.70|
-473.00 75.00 978.70|
-470.00 75.00 978.70|
-467.00 75.00 978.70|
-464.00 75.00 978.70|
-461.00 75.00 978.70|
-458.00 75.00 978.70|
-455.00 75.00 978.70|
-452.00 75.00 978.70|
-449.00 75.00 978.70|
-446.00 75.00 978.70|
-443.00 75.00 978.70|
-440.00 75.00 978.70|
-437.00 75.00 978.70|
-434.00 74.99 978.70|
-431.00 74.99 978.70|
-428.00 74.98 978.70|
-425.00 74.98 978.70|
-422.00 74.98 978.70|
-419.00 74.99 978.70|
-416.00 75.00 978.70|
-413.00 75.02 978.70|
-410.00 75.04 978.70|
-407.00 75.07 978.70|
-404.00 75.10 978.70|
-401.00 75.13 978.70|
-398.00 75.16 978.70|
-395.00 75.19 978.70|
-392.00 75.22 978.70|
-389.00 75.25 978.70|
-386.00 75.28 978.70|
-383.00 75.31 978.70|
-380.00 75.33 978.70|
-377.00 75.36 978.70|
-374.00 75.39 978.70|
-371.00 75.40 978.70|
-367.14 75.42 978.70|
-365.29 75.44 976.33|
-363.45 75.46 973.97|
-361.60 75.46 971.61|
-359.75 75.47 969.25|
-357.90 75.50 966.88|
-356.05 75.53 964.52|
-354.20 75.56 962.16|
-352.35 75.62 959.80|
-350.50 75.66 957.43|
-348.65 75.69 955.07|
-346.80 75.76 952.71|
-344.49 75.84 949.75|
-344.49 75.90 946.75|
-344.49 75.97 943.75|
-344.49 76.04 940.75|
-344.49 76.12 937.75|
-344.49 76.20 934.75|
-344.49 76.29 931.75|
-344.49 76.38 928.75|
-344.49 76.47 925.75|
-344.49 76.57 922.75|
-344.49 76.67 919.75|
-344.49 76.78 916.75|
-344.49 76.90 913.75|
-344.49 77.02 910.75|
-344.49 77.14 907.75|
-344.49 77.26 904.75|
-344.49 77.38 901.75|
-344.49 77.51 898.75|
-344.49 77.63 895.75|
-344.49 77.75 892.75|
-344.49 77.87 889.75|
-344.49 77.99 886.75|
-344.49 78.11 883.75|
-344.49 78.22 880.75|
-344.49 78.32 877.75|
-344.49 78.42 874.75|
-344.49 78.52 871.75|
-344.49 78.60 868.75|
-344.49 78.68 865.75|
-344.49 78.74 862.75|
-344.49 78.80 859.75|
-344.49 78.86 856.75|
-344.49 78.90 853.75|
-344.49 78.95 850.75|
-344.49 78.99 847.75|
-344.49 79.03 844.75|
-344.49 79.07 841.75|
-344.49 79.11 838.75|
-344.49 79.15 835.75|
-344.49 79.20 832.75|
-344.49 79.24 829.75|
-344.49 79.28 826.75|
-344.49 79.32 823.75|
-344.49 79.37 820.75|
-344.49 79.41 817.75|
-344.49 79.46 814.75|
-344.49 79.51 811.75|
-344.49 79.55 808.75|
-344.49 79.60 805.75|
-344.49 79.66 802.75|
-344.49 79.73 799.75|
-344.49 79.81 796.75|
-344.49 79.91 793.75|
-344.49 80.02 790.75|
-344.49 80.14 787.75|
-344.49 80.27 784.75|
-344.49 80.40 781.75|
-344.49 80.54 778.75|
-344.49 80.68 775.75|
-344.49 80.82 772.75|
-344.49 80.95 769.75|
-344.49 81.09 766.75|
-344.49 81.22 763.75|
-344.49 81.36 760.75|
-344.49 81.49 757.75|
-344.49 81.63 754.75|
-344.49 81.76 751.75|
-344.49 81.89 748.75|
-344.49 82.02 745.75|
-344.49 82.15 742.75|
-344.49 82.27 739.75|
-344.49 82.39 736.75|
-344.49 82.50 733.75|
-344.49 82.61 730.75|
-344.49 82.72 727.75|
-344.49 82.83 724.75|
-344.49 82.93 721.75|
-344.49 83.04 718.75|
-344.49 83.14 715.75|
-344.49 83.24 712.75|
-344.49 83.34 709.75|
-344.49 83.43 706.75|
-344.49 83.52 703.75|
-344.49 83.60 700.75|
-344.49 83.69 697.75|
-344.49 83.76 694.75|
-344.49 83.84 691.75|
-344.49 83.92 688.75|
-344.49 83.99 685.75|
-344.49 84.06 682.75|
-344.49 84.12 679.75|
-344.49 84.18 676.75|
-344.49 84.23 673.75|
-344.49 84.29 670.75|
-344.49 84.34 667.75|
-344.49 84.40 664.75|
-344.49 84.46 661.75|
-344.49 84.50 658.75|
-344.49 84.55 655.75|
-344.49 84.60 652.75|
-344.49 84.65 649.75|
-344.49 84.70 646.75|
-344.49 84.75 643.75|
-344.49 84.80 640.75|
-344.49 84.84 637.75|
-344.49 84.86 634.75|
-344.49 84.87 631.75|
-344.49 84.87 628.75|
-344.49 84.91 625.75|
-344.49 84.96 622.75|
-344.49 85.00 619.75|
-344.49 85.01 616.75|
-344.49 85.03 613.75|
-344.49 85.02 610.75|
-344.49 85.01 607.75|
-344.49 85.00 604.75|
-344.49 85.02 601.75|
-344.49 85.05 598.75|
-344.49 85.07 595.75|
-344.49 85.07 592.75|
-344.49 85.06 589.75|
-344.49 85.13 586.75|
-344.49 85.25 581.71|
</vertices>
</customField>
