<?xml version="1.0" encoding="utf-8" standalone="no"?>
<customField name="CP-5">
    <vertices>
826.66 88.12 519.59|
823.66 88.10 519.59|
820.66 88.10 519.59|
817.66 88.10 519.59|
814.66 88.10 519.59|
811.66 88.12 519.59|
808.66 88.12 519.59|
805.66 88.08 519.59|
802.66 88.02 519.59|
799.66 87.95 519.59|
796.66 87.87 519.59|
793.66 87.80 519.59|
790.66 87.73 519.59|
787.66 87.67 519.59|
784.66 87.64 519.59|
781.66 87.62 519.59|
778.66 87.60 519.59|
775.66 87.58 519.59|
772.66 87.56 519.59|
769.66 87.54 519.59|
766.66 87.53 519.59|
763.66 87.52 519.59|
760.66 87.51 519.59|
757.66 87.50 519.59|
754.66 87.49 519.59|
751.66 87.47 519.59|
748.66 87.45 519.59|
745.66 87.44 519.59|
742.66 87.42 519.59|
739.66 87.41 519.59|
736.66 87.40 519.59|
733.66 87.38 519.59|
730.66 87.34 519.59|
727.66 87.31 519.59|
724.66 87.29 519.59|
721.66 87.27 519.59|
718.66 87.25 519.59|
715.66 87.22 519.59|
712.66 87.19 519.59|
709.66 87.16 519.59|
706.66 87.13 519.59|
703.66 87.09 519.59|
700.66 87.05 519.59|
697.66 87.01 519.59|
694.66 86.96 519.59|
691.66 86.90 519.59|
688.66 86.84 519.59|
685.66 86.78 519.59|
682.66 86.73 519.59|
679.66 86.67 519.59|
676.66 86.61 519.59|
673.66 86.55 519.59|
670.66 86.48 519.59|
667.66 86.41 519.59|
664.66 86.34 519.59|
661.66 86.26 519.59|
658.66 86.18 519.59|
655.66 86.09 519.59|
652.66 86.00 519.59|
649.66 85.92 519.59|
646.66 85.86 519.59|
643.66 85.82 519.59|
640.66 85.80 519.59|
637.66 85.80 519.59|
634.66 85.80 519.59|
631.66 85.80 519.59|
628.66 85.81 519.59|
625.66 85.85 519.59|
622.66 85.88 519.59|
619.66 85.91 519.59|
616.14 85.89 519.59|
616.14 85.33 516.59|
616.14 84.83 513.59|
616.14 84.34 510.59|
616.14 83.90 507.59|
616.14 83.51 504.59|
616.14 83.18 501.59|
616.14 82.89 498.59|
616.14 82.65 495.59|
616.14 82.44 492.59|
616.14 82.27 489.59|
616.14 82.13 486.59|
616.14 82.02 483.59|
616.14 81.93 480.59|
616.14 81.87 477.59|
616.14 81.83 474.59|
616.14 81.81 471.59|
616.14 81.82 468.59|
616.14 81.84 465.59|
616.14 81.88 462.59|
616.14 81.93 459.59|
616.14 81.98 456.59|
616.14 82.03 453.59|
616.14 82.08 450.59|
616.14 82.11 447.59|
616.14 82.15 444.59|
616.14 82.18 441.59|
616.14 82.21 438.59|
616.14 82.23 435.59|
616.14 82.25 432.59|
616.14 82.26 429.59|
616.14 82.27 426.59|
616.14 82.27 423.59|
616.14 82.27 420.59|
616.14 82.25 417.59|
616.14 82.22 414.59|
616.14 82.20 411.07|
619.14 82.16 411.07|
622.14 82.14 411.07|
625.14 82.12 411.07|
628.14 82.12 411.07|
631.14 82.12 411.07|
634.14 82.13 411.07|
637.14 82.15 411.07|
640.14 82.18 411.07|
643.14 82.21 411.07|
646.14 82.26 411.07|
649.14 82.30 411.07|
652.14 82.37 411.07|
655.14 82.43 411.07|
658.14 82.50 411.07|
661.14 82.58 411.07|
664.14 82.67 411.07|
667.14 82.76 411.07|
670.14 82.86 411.07|
673.14 82.97 411.07|
676.14 83.08 411.07|
679.14 83.21 411.07|
682.14 83.34 411.07|
686.58 83.54 411.07|
689.50 83.66 410.39|
693.66 83.84 409.42|
696.31 83.94 408.01|
699.57 84.07 406.27|
703.90 84.23 403.12|
705.16 84.25 400.40|
706.65 84.28 397.22|
707.87 84.30 394.48|
709.80 84.34 390.14|
709.61 84.29 387.14|
709.40 84.24 383.84|
709.40 84.20 380.84|
709.40 84.17 377.84|
709.40 84.11 372.82|
709.40 84.07 369.82|
709.40 84.03 366.82|
709.40 83.99 363.82|
709.40 83.95 360.82|
709.40 83.91 357.82|
709.40 83.87 354.82|
709.40 83.82 351.82|
709.40 83.78 348.82|
709.40 83.75 345.82|
709.40 83.71 342.82|
709.40 83.68 339.82|
709.40 83.64 336.82|
709.40 83.61 333.82|
709.40 83.58 330.82|
709.40 83.55 327.82|
709.40 83.52 324.82|
709.40 83.50 321.82|
709.40 83.47 318.82|
709.40 83.45 315.82|
709.40 83.42 312.82|
709.40 83.40 309.82|
709.40 83.38 306.82|
709.40 83.37 303.82|
709.40 83.35 300.82|
709.40 83.32 297.82|
709.40 83.31 294.82|
709.40 83.29 291.82|
709.40 83.28 288.82|
709.40 83.27 285.82|
709.40 83.26 282.82|
709.40 83.26 279.82|
709.40 83.26 276.82|
709.40 83.26 273.82|
709.40 83.26 270.82|
709.40 83.27 266.46|
712.40 83.35 266.46|
715.40 83.43 266.46|
718.40 83.52 266.46|
721.40 83.60 266.46|
724.40 83.68 266.46|
727.40 83.77 266.46|
730.40 83.86 266.46|
733.40 83.96 266.46|
736.40 84.06 266.46|
739.40 84.17 266.46|
742.40 84.27 266.46|
745.40 84.38 266.46|
748.40 84.49 266.46|
751.40 84.61 266.46|
754.40 84.72 266.46|
757.40 84.84 266.46|
760.40 84.96 266.46|
763.40 85.09 266.46|
766.40 85.22 266.46|
769.40 85.35 266.46|
772.40 85.49 266.46|
775.40 85.63 266.46|
778.40 85.77 266.46|
781.40 85.91 266.46|
784.40 86.06 266.46|
787.40 86.20 266.46|
790.40 86.35 266.46|
793.40 86.50 266.46|
796.40 86.65 266.46|
799.40 86.79 266.46|
802.40 86.94 266.46|
805.40 87.08 266.46|
808.40 87.23 266.46|
811.40 87.37 266.46|
814.40 87.52 266.46|
817.40 87.65 266.46|
820.40 87.79 266.46|
826.29 88.02 266.46|
826.29 88.04 269.46|
826.29 88.06 272.46|
826.29 88.08 275.46|
826.29 88.10 278.46|
826.29 88.12 281.46|
826.29 88.12 284.46|
826.29 88.12 287.46|
826.29 88.12 290.46|
826.29 88.12 293.46|
826.29 88.12 296.46|
826.29 88.12 299.46|
826.29 88.12 302.46|
826.29 88.12 305.46|
826.29 88.12 308.46|
826.29 88.12 311.46|
826.29 88.12 314.46|
826.29 88.12 317.46|
826.29 88.12 320.46|
826.29 88.12 323.46|
826.29 88.12 326.46|
826.29 88.12 329.46|
826.29 88.12 332.46|
826.29 88.12 335.46|
826.29 88.12 338.46|
826.29 88.12 341.46|
826.29 88.12 344.46|
826.29 88.12 347.46|
826.29 88.12 350.46|
826.29 88.12 353.46|
826.29 88.12 356.46|
826.29 88.12 359.46|
826.29 88.12 362.46|
826.29 88.12 365.46|
826.29 88.12 368.46|
826.29 88.12 371.46|
826.29 88.12 374.46|
826.29 88.12 377.46|
826.29 88.12 380.46|
826.29 88.12 383.46|
826.29 88.12 386.46|
826.29 88.12 389.46|
826.29 88.12 392.46|
826.29 88.12 395.46|
826.29 88.12 398.46|
826.29 88.12 401.46|
826.29 88.12 404.46|
826.29 88.12 407.46|
826.29 88.12 410.46|
826.29 88.12 413.46|
826.29 88.12 416.46|
826.29 88.12 419.46|
826.29 88.12 422.46|
826.29 88.12 425.46|
826.29 88.12 428.46|
826.29 88.12 431.46|
826.29 88.12 434.46|
826.29 88.12 437.46|
826.29 88.12 440.46|
826.29 88.12 443.46|
826.29 88.12 446.46|
826.29 88.12 449.46|
826.29 88.12 452.46|
826.29 88.12 455.46|
826.29 88.12 458.46|
826.29 88.12 461.46|
826.29 88.12 464.46|
826.29 88.12 467.46|
826.29 88.12 470.46|
826.29 88.12 473.46|
826.29 88.12 476.46|
826.29 88.12 479.46|
826.29 88.12 482.46|
826.29 88.12 485.46|
826.29 88.12 488.46|
826.29 88.12 491.46|
826.29 88.12 494.46|
826.29 88.12 497.46|
826.29 88.12 500.46|
826.29 88.12 503.46|
826.29 88.12 506.46|
826.29 88.11 509.46|
826.29 88.10 514.90|
</vertices>
</customField>
